current_step: 0, current_time: 0.391615867615, average_distance: 46.7695042328, average_min_distance: 8.50213436256, number_finished: 0
current_step: 1, current_time: 0.836591005325, average_distance: 51.3827982257, average_min_distance: 7.00664505822, number_finished: 0
current_step: 2, current_time: 1.24441409111, average_distance: 55.0274622364, average_min_distance: 6.2001057594, number_finished: 0
